# Created by Octave 4.2.1, Mon Mar 19 00:02:13 2018 GMT <unknown@unknown>
# name: v
# type: matrix
# rows: 1
# columns: 10
 1200 1210 1205 1300 1302.5 1332 1361.5 1391 1420.5 1450


